0 -1 -1 0 0 0 0 0
-1 -1 -2 0 0 -1 0 -2
0 -1 -2 -3 0 -1 1 -1
-2 0 0 0 -1 -2 -2 -1
-1 -3 1 -2 -2 0 0 -2
-1 -2 1 0 -1 -1 -2 -1
-1 -1 0 -1 -1 0 1 -2
0 0 -2 -2 0 0 1 0
1 -2 0 -2 -1 -2 -1 -1
0 -1 -2 -3 -1 -2 -1 1
-1 -1 0 0 -2 0 -1 -1
-1 -1 -1 0 -3 -2 -1 -2
0 1 0 -1 0 -1 -1 1
0 -1 -1 -2 0 1 0 -2
-1 -2 -1 0 -1 0 -3 0
-3 -1 0 0 1 -1 -1 -2
0 0 -2 -1 -1 -1 -3 0
-2 0 -1 -1 -1 -1 0 0
1 -1 -1 -1 -1 -1 -1 -1
0 -4 1 -2 -1 0 0 0
-1 -1 -2 0 -2 -1 -1 -2
0 0 -1 1 -2 0 -1 0
-2 0 -1 -1 0 0 -1 -3
-1 -1 -1 -2 -1 0 -1 0
-2 -3 -2 -1 1 0 -1 -1
-1 -5 -2 -1 -1 -1 -2 0
1 0 -1 -1 0 -1 -2 0
0 -2 -1 -2 0 -1 -1 -1
-2 0 -2 0 0 -1 -1 0
-2 0 0 -1 -2 -1 -1 -1
-1 -2 -1 -1 -2 0 1 -1
-2 -1 -2 0 -1 -2 -1 -1
-3 0 0 -1 -2 1 0 -1
0 1 -1 -2 1 -1 0 0
-1 0 0 -1 0 -1 0 -1
-2 -1 0 -2 -1 0 -1 -3
2 2 0 -1 -1 -1 -3 -1
-5 -4 -2 0 -2 -1 -1 -2
-2 -1 -1 0 -1 -1 -3 -1
2 1 -1 -2 0 0 -2 1
0 -1 -1 -1 -2 0 -2 -1
2 1 -1 -1 -1 -1 -1 0
-2 -2 -1 0 -2 0 0 -1
-3 -1 -2 0 -1 -1 -3 -1
-2 0 1 0 0 -1 -1 0
-1 -2 -1 -1 -2 -2 -1 -2
-1 1 -2 -1 1 -1 0 -2
1 -1 -1 1 -2 -1 -1 1
-2 -3 -2 -3 -2 0 -1 -3
-1 1 0 -3 -2 0 -2 -2
0 -3 -2 -1 -1 1 -1 -1
-2 -2 -2 -1 0 -1 -2 0
0 0 1 -2 -1 -1 1 -1
0 -1 -1 1 -1 0 0 -1
-2 0 -2 1 -2 -1 -1 1
-3 -1 -1 0 -1 0 1 0
0 -2 -1 0 -3 -1 0 -1
4 3 0 0 -1 -1 0 0
-2 -1 0 0 -1 0 0 -3
0 -2 -2 0 -2 -2 -2 -2
0 -2 -1 -1 -1 0 -2 -1
1 -1 1 -1 -1 -1 1 0
1 1 -1 -1 0 -1 -2 0
-2 1 0 0 0 0 0 -2
-2 -1 -1 0 -1 -2 -1 1
-2 -1 -2 -1 0 0 -2 -2
0 0 1 -2 -2 -1 -1 1
-1 0 0 -2 -1 0 0 -1
1 -1 -1 -1 -1 0 1 -2
0 0 0 -1 0 1 1 -1
-1 -2 -1 -2 -1 0 0 -1
0 -1 0 -2 -1 -2 -1 -1
0 -1 -2 0 -1 -2 -2 -2
0 -2 0 -1 -1 1 -1 -1
-1 -2 -2 -3 -3 0 -1 -2
-2 -2 -2 -1 -2 -1 -1 -1
-1 -2 1 0 1 -1 0 -1
0 -1 -1 -1 -2 -2 0 -2
-1 -2 -2 -1 1 -1 -1 -1
-2 -2 1 0 0 1 -2 -1
0 -1 0 -2 -1 0 -2 0
0 1 -1 0 -2 0 -1 -1
1 -3 0 0 -1 -1 -2 -1
-3 -1 -2 0 0 -1 -1 0
-2 -1 -2 1 -1 0 0 -4
0 -1 -1 -2 0 -1 -1 -1
-3 0 0 -1 0 -1 -2 -1
2 -2 -1 -2 -1 -1 -1 -3
-1 1 -1 -1 -1 0 0 -1
-1 -2 -3 1 0 0 0 -2
-2 0 -1 -1 -3 -1 0 -2
1 -1 -1 -1 0 -1 -1 0
-2 -2 -1 -2 -1 -2 0 1
1 -1 0 -2 -1 -2 -2 0
-1 -1 0 0 -2 -2 -2 0
0 -1 -1 -1 -1 -1 -3 1
-1 1 0 0 -2 -2 -1 -1
-2 -1 1 -1 0 0 -1 -1
0 0 -1 -1 -1 -1 -2 -1
0 -2 -1 0 -1 0 0 1
1 -1 -2 1 0 0 0 -2
-3 -2 -2 -1 -1 -1 0 -1
3 -1 -2 0 1 -2 0 0
1 -2 -1 -2 -1 0 0 -1
-3 -3 0 -2 0 0 -1 -2
-1 -2 -1 -1 -1 1 -1 -1
-1 -4 -2 -2 -1 0 1 -3
-3 1 -1 -1 -1 -2 -1 -2
-1 -1 -1 1 -1 -2 -1 1
5 -1 -1 -1 -1 -2 -2 1
0 -1 -1 1 -1 1 1 1
0 -2 0 -1 0 1 0 0
-2 -1 -1 -1 -1 0 0 -2
-3 -1 0 0 0 -2 -1 0
0 -2 -1 -2 -1 -1 -3 0
2 -1 0 0 -2 -1 -1 -1
-1 -2 -1 0 -1 0 0 -1
-1 -1 -1 -1 0 -1 -1 0
-1 0 -1 -1 0 -1 0 0
0 1 0 -1 1 -1 -2 0
0 -1 0 -2 -1 -2 -2 -1
0 -1 0 0 0 -2 1 0
-2 0 0 0 0 -2 1 -1
-1 0 0 -1 -1 0 1 -2
0 -2 -1 -1 1 -2 -1 -1
-2 0 0 -1 -1 0 0 -1
0 0 -1 1 -1 -2 -3 -1
-4 -2 0 0 -3 -2 -2 -2
5 0 -1 -1 -2 -1 -2 0
0 2 1 -1 0 -1 -1 -3
-1 -1 0 0 -1 0 1 -1
-3 -2 -1 -1 -1 -1 0 -1
0 0 1 -1 -1 0 1 1
-4 -1 -1 -3 -2 0 -1 -1
0 -1 -3 -3 -2 -2 -1 -2
0 2 0 1 1 1 1 0
0 -2 8 0 -4 -2 -1 -1
-3 10 2 -2 -3 -3 -5 -3
3 13 -8 -2 8 1 2 2
-6 -14 -13 -11 -6 -5 -2 -4
0 32 14 -6 -5 -2 0 -2
2 -6 1 8 -2 -3 -2 -1
-9 5 -5 -2 -8 -1 -2 -4
30 60 18 14 12 3 2 8
-32 -49 -10 -6 -3 -2 -4 -8
-3 -64 -11 -4 -5 2 0 -1
-13 -1 -24 -14 -3 -5 -8 -5
6 10 51 15 -4 -13 -5 -1
17 37 14 -10 -4 -5 -1 4
13 -22 -62 -29 -8 1 7 10
-18 -38 59 19 -31 -9 -20 -27
-14 -10 -33 -25 20 -7 -11 -12
3 0 -23 3 12 0 -4 4
7 3 4 -2 -36 3 1 0
-1 2 -2 -2 38 25 12 16
-5 4 8 34 37 9 5 -1
-1 -14 -4 -15 -4 -24 17 18
-12 28 -13 -28 -27 -8 -3 -33
6 7 -14 -4 -78 0 -24 -16
9 31 84 56 86 1 -5 -2
5 -8 18 58 46 78 39 21
3 3 28 31 63 -1 16 14
2 -9 -40 -13 -69 -59 16 7
-16 -39 -47 -36 -61 32 -2 -3
-3 -15 0 -16 -52 -58 -18 7
-17 -9 -18 -33 -15 -12 -23 -22
-4 -32 -24 -26 -40 6 -12 -23
15 -38 -9 -19 -2 27 26 38
-8 -44 -16 40 92 16 -30 -45
9 -9 27 72 43 8 30 80
-3 -12 14 15 29 -6 -6 -42
5 -30 -85 -40 -100 -68 -10 18
-31 19 -34 -89 -115 20 -16 -25
19 76 7 -36 -94 -35 -14 -19
-3 49 17 -20 55 40 -9 3
-7 36 11 31 56 37 36 -3
-8 6 -25 48 127 24 -10 -23
24 -5 -8 19 0 -38 -5 1
6 10 21 0 -66 -4 12 54
-10 -32 -11 -16 -9 -18 -36 -48
14 8 -2 2 -26 -10 7 -5
-15 -15 7 -30 -32 -16 -13 3
5 -6 -22 -7 2 27 23 -1
0 2 9 -10 -9 -16 3 13
26 48 35 21 -14 -3 5 12
-18 -24 26 -4 8 3 -6 -19
3 -11 -39 -4 31 -2 2 8
5 9 -16 20 45 19 8 3
-9 -31 45 2 -32 5 -14 -1
-6 -1 -8 0 8 14 0 -8
-5 2 10 7 15 -6 -10 -5
-8 1 -10 -14 -32 16 11 -7
-2 3 -25 -20 -26 -7 11 16
-9 -6 -16 1 13 17 -10 -2
7 12 21 11 22 -16 -3 -1
-22 1 3 -3 -25 -14 -9 -11
5 -1 4 -2 -8 -4 12 22
2 -10 27 0 6 13 -1 -9
10 -7 37 23 19 0 1 1
-22 -12 1 -18 -19 -2 -3 -3
9 -5 7 -1 -7 -11 2 2
-2 3 -17 -1 4 5 -3 -5
9 2 3 -13 -6 -4 3 9
4 -8 9 11 6 4 -3 -5
1 4 -5 0 -2 -12 -11 -7
-5 5 -1 0 1 3 2 -6
-1 6 -8 -4 0 0 2 6
3 9 15 9 -2 -2 -10 -2
-2 8 -5 -8 -6 -4 13 0
5 16 21 25 16 14 9 5
-3 7 43 10 0 -29 -14 -1
3 -5 -42 -20 -6 17 0 0
-1 -8 10 -4 -14 -29 -9 -1
1 9 -3 -11 -17 10 6 1
-7 -8 -3 9 28 26 -2 -2
4 -7 -1 -27 -50 -46 -18 -15
-2 -4 -4 15 10 17 25 10
-1 -4 3 19 40 39 -1 7
-1 -13 -17 -1 -4 -5 -2 -1
10 7 9 10 6 5 7 8
0 3 -11 -15 -16 -30 -18 -11
-9 -1 1 -8 -19 -19 -11 -5
-4 -4 -3 2 2 1 7 -4
7 7 5 4 1 13 2 5
-5 -13 -2 -12 -11 6 0 0
13 3 -1 2 8 -1 1 1
0 -16 -17 -18 -16 -37 -4 -3
-1 4 13 11 10 31 7 6
4 6 5 11 -1 47 17 2
-5 7 4 -11 5 -1 -14 -10
0 -12 -46 11 14 -2 9 8
1 3 22 25 8 -11 6 -2
0 -22 -56 -22 4 -5 -19 -6
-2 -13 -7 -5 -21 -16 -13 -5
1 -5 10 4 -7 12 11 1
-11 -28 -16 -9 -7 -18 -24 -4
-13 -11 15 -33 -8 11 16 1
-9 -16 -6 -3 4 -11 -2 -3
-1 4 35 19 -13 -5 0 -4
-6 -44 -46 9 26 4 -6 -3
1 -19 -45 4 1 -11 -6 3
-10 -5 -18 -17 -5 -3 -3 -4
-7 29 5 -14 -3 11 4 -4
1 43 27 3 -7 3 20 -1
-4 25 26 -13 0 -12 -9 -6
-3 -12 11 11 7 5 10 2
0 -11 -15 -13 9 12 -25 -15
10 21 50 15 5 -9 35 22
13 31 -8 4 -3 -24 -29 -33
-10 59 -2 1 -11 -9 2 31
-5 36 8 -7 3 27 11 2
0 40 -6 -18 -24 -20 -16 -22
-1 8 20 12 6 -6 10 1
10 23 19 4 -1 -3 -15 -19
-31 7 4 -14 -16 -28 -21 -1
0 12 22 -3 -2 -19 -10 -8
0 -16 34 27 14 7 20 29
-3 -62 4 5 8 39 17 -20
14 -74 -10 -1 1 3 -1 36
19 -70 -13 0 2 5 14 28
-6 -30 -9 -10 -26 -38 -33 4
-7 -3 -35 -7 7 41 25 -15
31 40 -17 -9 -12 -9 -9 2
-18 18 -30 -13 -7 -11 -14 0
1 31 -18 -3 -11 -14 0 56
-38 -2 -5 10 16 13 -19 -97
28 9 -5 7 6 12 20 95
-13 -19 -15 -16 -3 -9 -19 -22
-6 -30 -7 2 10 12 4 -3
6 0 0 0 0 -16 -5 8
-3 -3 0 4 4 -2 -5 -26
-8 -7 10 7 6 8 -14 -48
-1 4 -4 0 1 17 29 1
31 5 -2 -7 -9 -4 -3 37
0 15 12 9 10 -10 21 15
6 12 12 10 2 -6 -52 2
2 -4 -12 -12 1 15 -25 -32
-8 -14 -6 4 -5 -17 -2 13
-6 9 -9 -3 5 -3 5 -27
1 22 -1 2 4 49 54 11
19 -17 -4 0 0 -18 -34 43
-8 9 -3 -4 -3 -8 11 -12
-3 4 1 -4 -5 -9 -29 -10
-5 -5 -6 2 1 -6 10 -24
0 19 -11 -1 5 34 7 -42
9 9 30 0 1 -4 2 23
-54 -36 -3 6 2 -19 -15 -44
14 -11 -2 -19 -21 49 13 39
20 5 13 10 3 -37 17 5
-6 -4 -11 -5 3 -11 -33 61
8 9 0 -1 -3 14 23 16
-9 -10 -3 -6 -13 -52 -55 -25
1 2 6 -4 -2 41 40 5
9 2 -9 4 25 30 25 -13
-10 -6 13 18 -14 -91 -9 50
-24 -32 -21 -19 13 77 -13 -108
-3 8 19 13 7 6 -8 37
2 -30 -23 -35 -58 -117 -81 -4
-16 9 -6 -11 -20 68 -17 -72
29 36 19 23 65 22 94 106
-21 -10 3 16 4 -35 -97 -40
-33 -5 4 -49 -76 7 103 -39
13 4 9 4 78 19 -10 6
45 -8 -14 74 5 -94 -12 106
-20 -31 21 19 3 -52 -72 -90
-7 -11 11 -13 4 90 29 -29
21 -23 -24 -57 -110 75 93 -3
14 3 19 -12 29 -10 -36 6
-3 9 -34 2 -32 -55 -19 18
7 -14 4 24 42 -2 -6 28
-18 -7 18 26 36 22 80 19
-32 -52 -20 -19 63 44 34 4
7 -10 -13 -17 -76 -26 26 -7
4 -9 -14 -16 -60 -76 -33 5
22 2 -12 17 82 2 49 12
-15 -9 -2 -7 -38 -85 -12 -20
7 14 -6 -17 -4 -47 38 0
10 2 0 -4 -5 -51 6 6
15 40 5 4 -32 -88 -52 -25
-3 59 4 -13 -41 -108 -48 -5
-9 86 23 -17 -13 -35 2 -13
15 81 22 38 73 -20 -45 40
21 41 13 17 18 15 14 18
9 50 17 -10 0 27 -73 -2
10 16 11 -5 16 47 -114 23
-2 31 1 -4 -4 5 41 -9
-10 -12 -3 3 0 5 29 -8
-2 4 8 -4 -13 58 101 -54
-14 -38 4 8 13 69 124 3
5 -35 -6 5 10 50 1 -11
-7 -56 -7 -14 -8 33 -40 -20
-18 -69 -15 -7 -39 18 3 -7
-8 -56 -13 3 25 41 0 2
12 -26 -15 5 8 32 -25 2
-11 -18 -11 -3 -13 -11 -48 -19
0 3 -7 3 -6 19 -9 12
-2 0 2 2 17 23 -2 -5
7 28 24 16 7 12 6 2
11 24 -7 -1 -9 -6 -20 -5
-8 -31 -22 -4 -10 2 -13 -10
-9 15 21 -19 4 13 23 -5
-22 -18 3 -11 -19 -8 6 -15
-4 -27 35 37 14 -9 -18 -3
-31 -60 -81 -39 -16 4 -10 -13
-2 -2 47 -6 5 14 17 0
23 5 39 42 9 27 3 9
-41 -4 103 -2 0 24 -16 -12
6 5 -72 -11 -6 24 7 0
-13 -94 -86 -27 -6 18 7 -8
-7 87 57 6 4 18 -5 -10
18 -52 -108 2 4 16 -1 4
-21 2 -3 -6 -14 -5 0 -11
11 68 12 -1 -5 3 -5 -4
10 -23 -78 -1 5 9 0 -1
4 45 28 2 -9 -9 -11 -7
11 33 38 8 7 7 7 8
31 52 -1 9 4 1 -1 -7
5 37 -4 10 6 -1 2 6
-36 -70 -17 -44 -22 -16 -16 -20
7 -22 -2 7 -3 -3 -5 4
24 31 0 14 7 7 9 10
-19 -19 -19 -7 -8 -8 -6 -15
1 40 44 4 6 4 -3 3
16 35 18 16 2 4 9 0
22 -7 24 11 0 -1 13 22
-43 -29 -69 -22 -1 -3 -23 -11
-1 13 -14 -5 -7 -7 -10 0
32 57 74 13 3 3 26 22
14 -21 -29 -7 -3 -11 -20 6
-24 -27 11 -5 3 -3 21 -42
24 22 16 2 1 -12 -28 -35
0 21 27 8 5 -2 -1 16
-24 -47 -19 -10 -8 -13 0 -59
22 0 32 5 5 8 29 60
-37 -84 -7 -9 -4 -4 -19 -35
13 2 4 -5 -5 3 -8 -13
-8 -12 -22 1 2 10 1 2
2 2 68 7 -2 0 0 -1
3 -32 -23 -3 -2 -1 5 9
-27 -33 4 -4 -1 0 -5 -3
-18 -5 48 9 4 2 7 9
-1 -38 -52 -9 -6 -9 -8 -8
3 -36 -49 -6 -5 -1 15 49
6 10 12 -10 -4 -5 -12 -18
-16 -6 -34 2 2 4 0 -7
15 29 18 8 -1 2 11 -1
6 21 -43 -12 -4 -14 -19 2
-6 10 -20 -3 -5 -7 -8 2
-4 14 16 2 1 -16 23 23
-20 -36 -24 -12 -4 17 -2 -20
2 13 -3 2 1 2 15 18
5 -5 18 8 2 -5 -1 2
-4 5 -3 -2 -2 -8 -6 3
9 -3 18 4 1 -11 -10 13
7 43 22 4 -2 -4 4 -19
-28 -34 -11 -10 -6 -5 1 13
11 11 12 11 3 1 -1 7
12 23 -8 9 7 -1 12 13
-1 -16 5 -1 0 0 -15 -10
9 17 -1 -6 -3 -13 -10 -26
5 12 26 8 1 6 18 16
-10 -20 -5 -20 -15 -19 -28 -66
29 50 6 15 14 6 17 25
-3 -3 15 0 -4 -2 1 1
4 -2 -22 -2 0 -5 -21 -6
8 18 27 4 5 2 8 -3
-9 -15 -11 -5 -7 -8 4 10
-9 -8 -4 -3 -2 -3 0 -3
-12 -8 7 0 1 -2 1 -6
-10 -17 -1 -9 -3 -11 -9 0
8 28 21 8 3 0 4 25
7 3 -12 2 1 0 -2 -8
-24 -32 -35 -14 -6 -7 4 10
2 -5 -7 -4 -6 -13 -13 29
-10 -14 -11 -9 -4 -4 0 -24
-7 2 12 3 -1 -2 -5 1
24 43 74 20 4 3 5 6
-24 -37 -24 -10 -1 -6 -13 -28
-21 -8 -18 -16 -8 -7 -1 -17
3 -1 5 -6 -1 -5 -3 -11
-15 19 65 -1 2 0 -2 16
3 17 3 9 5 0 6 19
0 -6 21 10 1 -3 0 -3
-19 -25 -6 -5 -3 -4 0 -9
-10 -30 -34 -12 -5 -4 -2 -14
18 18 17 4 2 -2 3 14
17 30 5 5 2 0 -1 3
-4 -4 13 1 -1 -3 -1 0
28 24 -3 7 6 2 4 6
-8 -14 -7 -1 -1 -5 -3 -1
-5 -1 -19 -4 -4 -3 -3 -15
9 19 21 -1 -1 -3 -1 10
-11 -5 3 10 0 0 -2 -15
9 -29 -109 -33 -8 -4 -5 -15
14 46 57 7 2 -2 3 25
-14 1 20 10 6 5 16 4
6 -20 -16 -4 -5 -6 -15 5
-3 4 -23 6 3 2 2 1
-9 -34 -48 -16 -7 -5 -4 -7
22 18 -14 -4 -1 1 0 6
7 0 -31 -4 2 1 5 -2
36 5 -3 2 -1 -5 -4 7
-31 17 19 6 3 3 2 -1
-17 -15 -14 -2 -2 -2 3 7
-2 3 28 0 0 -1 -14 -25
5 14 22 1 -2 -2 4 21
9 19 43 3 -4 -1 2 -8
9 -69 -91 -17 -3 -1 -1 -17
-23 -1 -22 -8 -1 -1 -9 -18
-3 -7 46 -5 -2 -1 1 9
-1 -2 22 11 3 2 3 1
18 38 26 4 -1 2 -4 0
-9 -18 -20 1 4 4 6 -10
-2 7 -16 11 0 -1 -1 7
9 -1 -24 -11 2 3 -1 0
17 12 19 3 -1 -1 -2 8
-2 -6 -17 -7 -1 2 3 5
3 20 37 10 3 0 -3 -7
24 4 35 2 -1 -5 -1 6
-37 -45 -91 -16 -2 -1 -7 1
7 -2 12 -6 -8 -7 -1 3
-8 -9 40 7 3 3 2 -4
17 -3 -9 -5 -6 -5 -3 -10
0 -7 -18 -5 -1 0 0 -5
21 -2 21 2 -4 -6 -8 18
-5 30 40 -4 -4 2 15 6
-23 -91 -106 -12 -2 -1 -21 -31
16 51 51 9 -1 2 13 20
-9 -21 -23 -3 -3 -6 -4 2
-1 18 -5 -10 -4 -5 -13 -27
-12 14 20 8 2 1 20 11
-16 -19 -4 -3 -6 -3 -6 -18
-2 10 16 3 1 3 2 1
9 -6 -2 5 3 4 -1 7
-4 -13 -23 -5 -1 1 -5 0
1 9 43 6 2 -1 -6 -1
-25 -28 -10 -14 -7 -4 4 -6
-1 -13 -20 -1 -1 -2 -5 1
-17 5 16 -1 -3 -4 -1 -5
7 9 63 15 4 0 3 8
2 10 -73 -7 -2 -3 -2 -6
-14 -26 21 1 -1 0 0 -29
19 25 12 9 3 0 -6 31
-13 15 7 -10 -8 -11 -32 -31
6 -3 -26 2 4 8 35 64
-17 -6 -27 -6 -7 -2 10 -37
0 3 16 6 5 4 -6 -4
4 22 7 12 15 3 30 12
-11 -6 13 -13 -10 15 -1 -7
18 26 8 12 12 -19 -54 9
5 4 26 5 -2 4 46 28
17 -10 -49 -8 -7 2 0 -37
10 12 31 5 -2 -11 -17 8
9 1 -3 -2 -2 -24 -87 42
-5 -45 -12 -10 7 29 31 -34
13 19 89 16 4 11 30 84
-19 5 27 -1 0 8 49 -27
11 -15 -41 -13 -14 -1 -43 4
-3 -14 -8 4 0 -21 -27 8
20 -12 2 -21 -16 -10 -33 -18
-19 42 57 14 9 -5 -7 9
-72 -14 9 -3 0 12 66 -4
-8 -3 -6 -5 -4 -9 -12 -4
4 9 -10 12 1 11 10 -9
10 -26 -21 -7 -3 -15 -25 -16
15 1 8 2 3 12 22 -4
-1 17 0 -1 -5 0 -6 1
-33 -35 6 18 5 -14 -10 -11
24 0 -44 -5 2 6 -12 -10
6 14 15 -1 -4 4 30 13
-1 12 42 -6 -8 -12 -11 -12
0 -3 -26 -8 -4 4 -5 -1
19 46 10 10 12 8 1 6
-9 -7 25 6 -2 -6 4 -19
11 6 -31 -4 -1 -15 0 16
-36 -48 -64 -18 6 4 9 11
-2 -22 16 -1 -6 13 -13 -38
-9 -6 -2 -8 -5 -11 -8 -5
-1 44 43 6 -7 -27 -1 4
-1 -19 11 6 7 6 9 21
-7 -42 -32 -6 -6 -16 -12 -49
6 -7 -6 0 -1 -4 7 64
14 -19 -23 -8 -3 19 14 -5
-15 0 -20 -9 -6 -7 -6 -12
2 7 16 1 3 3 4 9
32 32 20 8 -2 -3 2 -31
-3 -56 -42 -2 0 1 -4 17
-26 17 -30 -28 -16 -34 -24 -64
6 -7 -55 0 6 53 22 20
-24 -27 -24 -25 -14 -36 -39 -15
24 41 83 26 15 -27 -51 56
-42 -20 -61 -4 7 87 106 22
10 -3 41 1 -1 0 -32 -18
10 -13 -35 -4 -1 0 8 0
-20 14 6 -3 -4 4 -15 -25
21 1 48 9 -6 -51 -35 12
-34 -10 4 -1 -6 -19 3 16
-16 -11 -1 7 10 38 35 10
6 17 -3 -6 -3 -5 1 -25
23 16 19 9 3 -6 -21 -1
6 -14 -18 -9 -5 -9 11 3
-3 5 17 10 6 10 -1 -15
-17 -10 -14 -5 -4 -6 3 -3
10 -43 -64 -23 -11 -26 -14 11
1 25 6 -1 1 26 0 -7
5 4 74 16 3 -12 11 10
-10 -36 -97 -13 -3 4 9 -9
11 57 71 20 11 26 17 6
-12 -38 -44 -18 -10 -37 -38 -20
5 -23 -44 -9 -3 4 14 9
4 4 11 4 0 17 11 -13
-38 15 21 1 4 -6 -18 -15
-1 5 15 9 -1 -19 1 -4
21 27 2 -4 -2 12 -6 -19
0 -15 40 6 0 -2 4 38
13 -1 -24 -3 -1 10 22 -10
1 20 34 6 1 -8 8 19
-1 14 -3 -1 3 6 1 -4
3 19 -9 4 5 9 22 -22
23 -4 -14 -5 -1 2 -17 10
-12 -31 11 1 1 -2 11 7
-12 4 9 3 -1 -10 -13 -13
-2 11 -20 -11 -2 4 11 -13
5 -5 -1 -7 3 14 -1 1
4 18 7 5 2 -1 -8 -8
17 -3 -4 1 -1 -4 22 27
-11 -22 -30 -9 -4 7 2 14
-1 -2 10 6 3 0 -19 4
5 9 10 -1 -3 5 5 6
-6 -1 -6 0 1 -13 -8 -4
35 14 38 0 -2 1 -5 10
0 -10 -31 -3 -4 -11 -2 14
8 7 12 1 2 -4 -5 -13
-57 -14 -19 1 -3 -10 -20 -47
20 52 43 12 2 2 -12 -9
-15 -15 4 -3 -4 -17 -15 -33
18 17 12 3 -2 -8 11 30
20 -12 26 0 4 14 0 5
-2 4 -11 1 0 0 1 3
-1 6 7 -2 -4 -3 -9 -25
-21 -6 -20 -2 -1 -9 -2 7
7 10 9 1 -1 7 13 18
-2 7 -5 2 2 0 -13 -17
12 -14 0 -2 -2 -8 -9 3
-3 9 14 1 -1 6 16 30
0 6 -8 1 1 7 6 8
-28 1 10 4 1 4 -1 -48
-3 -26 -9 -10 -14 -16 -8 67
-1 5 47 -2 -3 -5 5 7
10 -5 -77 -6 2 11 -3 -9
-11 -8 -22 -6 -3 -4 -8 -2
-4 21 40 6 3 3 8 -7
-9 1 -7 -2 -4 -11 -6 -23
-11 -14 4 -2 1 6 7 12
-12 -1 -12 -3 -3 -7 5 -2
5 9 -7 5 2 8 7 -5
-2 10 0 1 1 0 -17 -13
-1 3 10 -5 -2 -4 28 35
-2 1 1 1 2 3 3 48
-4 -17 7 8 4 -6 -4 7
-5 46 -16 -6 -5 8 -9 -5
9 21 2 8 0 -1 -15 -33
-14 10 6 -12 -5 4 13 -15
-3 -15 -54 -12 -10 -16 -11 -3
-5 -7 -15 1 4 6 17 -14
-5 -15 3 -2 -2 -3 -10 -33
12 -11 10 6 2 1 -6 1
-3 11 61 9 3 2 -5 -21
6 -7 -27 0 3 0 -13 -40
-46 -14 -54 -17 -4 2 15 20
-10 7 14 10 0 -2 -5 -29
25 38 42 5 0 -5 -26 62
35 -16 21 6 3 2 7 21
-27 29 31 3 -2 -3 13 21
21 -40 -13 -8 -3 -3 -8 14
1 28 -3 5 2 7 11 -31
-8 -61 -20 -6 -4 -1 9 72
15 77 27 7 4 2 -5 -49
20 -36 -17 -5 -2 -13 10 73
4 -10 -4 1 2 13 -11 -52
-5 -22 -5 0 0 -1 -20 7
30 -7 97 15 -2 -3 4 38
-27 -40 -96 -10 2 -4 -9 -54
11 -31 -20 -14 -5 -3 3 -3
8 -10 -15 -7 -5 -2 -4 35
-8 4 63 24 10 2 2 -67
-11 8 -17 -17 -11 -3 -11 -14
-17 -17 -15 -14 -11 -6 -1 0
-17 36 5 -4 -1 -2 -1 -44
-2 0 -25 -17 -7 -4 -5 26
14 35 45 18 7 4 -5 61
-5 19 1 9 9 -3 -15 -64
-11 9 8 -2 -5 -31 -65 -17
26 -18 -20 1 2 22 13 56
-18 -11 2 -10 -8 -12 -16 -10
-22 31 1 6 4 8 21 27
3 -8 3 4 2 -3 -5 12
-48 38 -17 -9 -4 -9 -22 -9
-2 13 -2 -5 -1 5 1 -29
20 -16 29 7 -1 -5 -4 8
30 -3 3 5 4 7 20 -3
7 -48 -30 -7 -3 -5 1 1
-9 2 15 1 1 5 9 -13
17 29 25 9 2 0 7 14
3 12 8 1 1 7 17 1
-1 -39 -23 -8 -4 -6 -6 -11
-20 -29 -5 -4 -3 -5 -12 -16
29 55 8 1 -1 1 2 13
-36 -49 -14 -6 -2 5 6 -41
14 -7 -15 -9 -8 -10 -18 4
30 -30 8 3 1 2 2 1
-9 -56 -21 -2 2 2 6 1
-3 -8 96 9 1 5 11 0
8 -96 -85 -15 -2 -4 -5 -2
2 -8 51 4 -1 3 1 2
-6 55 4 18 5 2 5 -2
-5 83 17 -27 -9 -6 -5 -19
-13 23 -26 -10 -5 -3 0 1
-14 31 -9 -8 -4 -3 -13 -22
-28 -44 -16 4 4 1 -10 -10
35 11 2 24 9 13 38 18
-14 -23 18 5 2 3 -6 11
60 -1 -17 -11 -8 16 90 29
-78 14 29 0 -6 -24 -55 -52
-17 -114 -52 -16 0 29 74 48
-49 -105 8 16 -13 -30 -70 -15
-76 35 42 51 -3 -1 -37 -52
127 -54 -44 -78 8 12 8 35
-37 45 -69 -22 -1 -11 19 -8
-45 86 55 4 5 -1 -1 -32
67 113 7 26 -4 -51 -95 6
94 95 26 20 -1 22 85 89
-46 -57 -48 -27 -12 17 -46 -81
86 -14 19 -2 -5 13 25 -18
26 107 8 13 21 20 11 81
-50 41 10 2 -6 -4 36 -47
76 -28 -16 3 -2 -25 -71 -1
1 -34 3 53 9 -1 -40 22
-57 -69 -2 -40 3 9 -10 -29
-71 15 -1 -8 4 2 45 24
-36 56 25 13 -6 -2 -46 -3
-47 -40 -41 -44 4 16 64 -8
23 -66 -79 -66 -29 -41 -88 -33
50 -49 75 59 2 5 21 13
31 3 -37 -30 1 10 80 12
-2 15 68 -35 8 2 -13 -9
50 -49 -128 -73 -6 22 80 26
-28 13 -67 8 -20 -31 -128 -29
-14 87 121 91 0 6 39 18
38 64 56 36 12 2 24 7
-55 66 55 37 7 29 81 -11
31 -55 15 1 1 5 35 -14
34 -33 20 13 -13 -37 -73 -11
-38 -35 -33 -33 19 7 -13 32
-78 -92 49 27 -2 -23 -45 -29
-21 6 -106 -87 4 7 -14 -1
93 62 29 44 14 12 -3 32
62 70 -6 -1 -24 -17 1 -15
57 -69 -10 2 -7 -7 -24 -16
-61 45 27 12 2 -5 -7 -21
19 -85 -12 -4 9 6 15 10
10 38 -20 11 -19 -12 -26 -2
-10 35 97 42 25 27 41 25
-34 16 -33 -41 -8 -10 -6 -3
-55 117 -10 -18 -5 -9 -13 -15
-42 -2 -6 6 -8 -11 -22 -15
-35 -26 -4 6 -1 6 3 8
-62 23 26 15 1 4 1 -2
-33 -72 -12 -9 0 -3 -19 -6
7 6 6 11 6 -15 -57 -8
88 -44 -21 -15 -3 12 78 34
72 -20 19 13 -14 3 18 26
20 -23 -21 -9 6 -29 -24 -54
22 -2 -26 5 11 33 39 56
-5 30 12 -8 -8 -33 -52 -76
-16 -63 -31 14 6 12 23 3
-107 -16 80 -2 -9 10 89 29
3 -32 -87 -32 -11 7 46 -36
-16 3 94 41 6 -4 -46 -11
55 -68 30 -25 -17 -7 -26 19
-23 -47 -101 -26 -8 -4 -21 -29
-17 69 1 -24 -14 -34 -52 -12
-25 -6 41 23 8 14 23 20
-8 53 -37 -17 -14 -3 9 -38
-27 18 105 37 2 17 -4 10
3 -25 41 -6 15 19 79 8
-27 36 -1 67 -38 -9 7 16
-8 -66 -56 -61 39 -8 -49 -26
66 27 -35 -4 23 2 -4 29
-92 -73 19 69 -5 2 8 -23
38 -3 -112 -80 27 25 2 -7
10 -8 -3 33 5 -5 36 26
13 62 49 52 -12 -15 -53 -11
31 3 -34 -74 7 5 2 10
-51 8 -4 10 -23 -18 -45 -18
-24 -7 14 5 -16 19 71 25
4 -21 -24 -17 -22 -40 -70 -36
31 36 13 13 -5 -6 -9 12
66 15 -29 -30 7 -7 -35 13
-39 -25 -20 2 1 0 -6 -13
-33 47 2 3 3 4 16 -2
43 -18 -24 -40 -11 4 9 3
-5 -13 -28 -24 6 1 20 10
-29 2 37 26 -1 0 -28 -18
18 31 25 20 16 20 24 22
-3 4 -26 5 -5 -20 -79 -27
-7 30 22 -11 13 17 70 1
10 -8 3 35 -9 -7 -32 -3
-37 -44 -63 -38 8 5 -5 -28
42 22 9 7 -6 0 39 10
-27 15 41 18 -2 -9 -43 -10
47 -55 3 1 -2 5 42 15
30 75 33 -11 -4 21 28 38
8 -16 -14 8 26 24 69 5
-26 32 -20 3 -4 4 19 -1
-26 69 41 -5 -15 -17 -67 -12
18 -20 -65 -47 4 1 8 5
-23 -11 29 38 7 13 73 -15
4 -30 -25 -3 -2 1 -23 1
23 -1 -9 7 7 9 45 -3
-4 -20 -4 0 -9 6 111 19
0 -57 18 2 -10 -4 -35 5
-11 -28 -11 -23 -2 -5 -9 -7
20 -24 9 6 -13 -24 -22 -11
17 -61 -1 33 2 -6 -59 -15
1 -1 -14 -16 5 -4 -21 20
-8 -75 -59 -52 3 -10 -15 -8
28 39 13 18 -13 -8 -30 2
8 -48 -11 -15 -6 -8 -15 6
-61 -9 44 31 14 -6 -50 -23
13 27 8 22 -17 6 18 17
-19 -3 8 -9 12 -2 -51 -1
-36 52 23 8 -1 -13 -70 -26
14 -13 -69 -15 -4 22 54 22
2 50 65 15 6 -15 -86 -12
-7 -15 -12 -15 -6 -4 23 -1
29 -12 -5 -3 -4 -4 -9 -10
28 20 0 -10 -5 -13 -17 20
7 20 24 7 -10 -18 -35 -14
7 -22 17 19 0 -5 3 -1
-9 -3 -57 -24 9 5 -4 0
8 -18 7 -10 -8 -13 -48 -15
29 -14 -6 7 5 1 6 7
16 58 18 11 0 -1 -12 0
-24 -3 -5 -4 5 -1 1 8
-20 -44 -11 -1 -10 -2 21 -4
8 24 23 12 5 4 25 5
29 -19 -3 -2 4 -4 -52 -7
-24 10 -14 -18 -26 -7 25 7
50 38 9 -8 8 -6 -13 3
-1 -18 -15 10 15 12 18 11
20 -27 -3 8 -3 -6 -12 -12
25 -9 21 -5 1 3 34 12
0 38 -14 -13 -10 -11 -40 -11
-11 14 -8 16 -10 3 48 -1
-7 22 -26 -34 11 7 13 10
-19 5 41 32 -1 4 -3 -1
-28 23 12 -10 -4 9 36 4
-1 5 -24 5 3 0 -5 4
-21 26 -28 -2 2 6 33 4
-5 48 9 -14 -7 0 7 -11
-8 -9 14 15 1 -4 -41 3
19 -21 0 -8 0 2 17 4
-27 -28 -5 4 -2 -2 -18 1
41 4 -24 -8 2 13 47 15
-43 30 11 3 -4 -7 -33 -11
8 -13 -10 -6 1 -3 11 2
-23 -32 -5 1 0 6 12 0
14 59 32 -2 3 -3 -6 -4
-7 -20 15 4 -7 -14 -22 -1
-7 -33 -19 6 2 3 13 0
-11 4 -4 -11 -4 2 31 -4
-15 -47 -41 -17 -2 -2 -8 -5
20 -11 -1 14 -3 0 4 -4
-13 -7 3 -13 -3 -5 4 4
0 17 5 16 5 0 -19 1
-5 -43 -10 -11 -4 -5 -8 -9
21 9 18 13 -2 2 12 2
-6 -13 -5 -4 0 -1 -1 0
-15 16 9 -3 1 0 -1 -15
-8 -35 -9 2 -1 -2 -9 -3
7 10 1 -2 2 3 12 5
-12 -14 0 -1 -4 -6 -23 -10
9 23 1 -9 2 0 0 -3
-11 -5 4 4 2 -2 -9 -5
8 -5 -8 3 0 1 14 3
-1 8 2 -7 -1 -1 -4 0
0 14 13 3 -4 -1 2 -6
2 -20 -1 6 4 0 -4 19
-7 11 -5 -6 -6 -6 -7 -13
-18 2 0 2 4 6 15 -54
2 -10 14 -4 -1 -1 8 14
-1 -4 -6 -1 0 -4 -44 -27
-6 -11 -5 -3 -2 -1 -2 4
-5 10 6 -2 -3 -1 0 12
-3 -17 -5 3 1 -2 1 0
1 -8 -1 -4 -2 -2 4 2
5 12 2 8 6 7 7 7
5 -2 3 0 -2 -7 -15 2
-2 -9 1 -3 -3 2 3 -1
1 -12 4 -3 -4 -1 3 4
-17 -6 -20 -5 -3 -2 -4 -9
7 10 -3 -7 -2 1 8 6
-9 12 -3 0 1 3 5 -2
3 -16 5 5 1 -5 0 -3
14 -1 4 5 5 0 0 5
-4 8 11 16 3 5 3 7
2 -6 2 -14 -1 -2 -4 1
-15 -11 -12 3 -3 1 9 -7
11 16 0 -3 -1 2 8 8
10 4 -7 -7 -2 -3 -8 3
0 -2 30 6 0 -1 -9 -4
15 17 8 8 9 7 5 13
-8 -29 -3 3 2 3 16 -1
-16 -35 36 -8 -17 -18 -23 -17
-18 -81 -62 -19 2 3 13 21
0 -23 -2 -17 -14 -12 -26 -32
6 -6 15 -1 0 1 -1 -7
-31 -43 14 -4 -8 -6 -6 -10
-11 28 -22 -2 -3 -6 0 -2
-5 10 -33 0 9 9 5 21
30 84 18 2 -2 -3 0 -3
-37 -41 -3 -5 1 7 14 -5
38 39 31 7 -8 -16 -39 -7
1 -72 -8 -4 -2 3 16 11
-2 -105 -5 -3 -5 -2 -2 -2
36 30 15 -4 1 1 0 7
51 97 31 24 10 12 24 22
-10 82 2 -2 -10 -8 -7 -7
0 55 13 -8 -13 -6 -5 -2
-5 25 -43 -4 1 0 -1 2
20 81 42 17 5 -1 -4 -3
-12 52 -9 -12 -10 -7 -3 -5
16 122 31 12 1 0 1 10
7 65 -23 5 4 1 3 5
-40 -58 -28 -8 0 -1 -8 -17
8 25 32 12 2 -1 -2 -1
-17 -43 -11 -3 -4 -3 1 0
23 13 22 1 8 7 7 9
-11 -43 -14 -2 5 4 1 -8
6 -45 -11 -8 -3 4 4 5
-12 -41 -7 -2 3 -5 -22 -2
3 11 13 10 -2 -5 -2 3
-4 -34 -4 -1 -4 -5 -5 -4
-25 -43 -4 -2 1 2 14 3
-1 -13 -20 -3 -2 -4 -15 -6
6 -10 -16 -6 0 -1 4 -1
23 15 -1 -1 -5 -4 0 7
-30 -81 -23 -9 -2 3 -10 -17
-5 -24 -10 -4 7 5 8 0
16 -19 -14 -9 -15 -4 5 4
-22 -9 8 -1 -3 -16 -15 -1
7 -8 26 16 7 0 0 -17
9 4 6 -13 -5 4 20 27
23 -7 7 7 9 9 -8 -3
31 4 1 6 -1 4 10 -11
57 11 43 3 1 -3 -12 24
-67 2 -53 -2 1 8 -7 -33
-8 -96 -32 -7 18 23 -9 2
-9 18 51 28 4 -23 -14 -6
-65 -18 -49 -62 -37 -17 -13 -6
71 59 -11 13 3 -25 -45 -23
-88 -5 95 26 0 52 85 44
-14 -69 -80 -62 -9 11 -10 -50
14 32 88 9 0 -8 -17 15
-62 12 47 -6 -16 0 6 -16
36 49 31 -18 -5 -5 19 3
2 30 3 55 17 21 19 29
37 14 -35 16 10 -1 17 -33
-42 -4 27 -12 -8 -27 -42 -36
19 25 -10 3 -1 -4 10 16
-8 9 -36 -34 -13 -1 13 22
-6 14 -13 15 5 -36 -43 -19
8 -17 3 11 10 48 31 30
-11 12 10 -6 -10 -46 -12 -17
13 -43 10 6 3 -9 -23 -10
-20 -56 -3 15 21 46 40 1
11 -113 17 -11 -19 8 6 11
-8 -37 -23 11 7 -34 -47 -23
-32 16 -6 -16 -3 0 -6 -5
12 127 17 4 -4 7 5 13
1 82 -23 3 -2 -14 6 6
6 57 -18 -14 -8 -2 -17 -8
-2 11 34 0 -17 -16 -16 -3
9 2 -5 16 23 16 15 18
21 -5 -22 -5 7 -2 -16 -8
-7 4 -6 2 2 -9 -17 21
-4 -1 -2 -2 2 15 15 -2
-12 -2 -10 -16 -13 -15 1 -4
16 -31 -9 2 3 1 30 16
-32 -12 -14 -12 -9 -6 -44 -44
27 54 30 7 4 3 13 13
0 11 11 -2 -6 -10 -7 2
9 -9 36 3 5 2 21 15
5 -45 -57 -4 1 11 7 -12
-5 -27 17 9 2 -5 -5 -1
-20 -47 -11 1 0 2 5 -7
4 -6 1 2 3 6 -3 -3
15 0 18 -1 -3 -13 4 3
-17 -38 -17 -6 -3 -2 -6 11
27 -5 1 6 4 4 -1 13
-33 -32 -27 -9 4 0 -1 -13
-8 2 -4 -3 -2 1 -4 -5
5 22 1 0 1 9 20 7
-14 -10 2 -3 -5 -5 -15 -11
0 -10 -2 1 -1 -9 -5 1
8 -8 3 5 1 4 2 4
-8 -29 18 2 0 2 1 -5
0 -30 -23 -1 -1 -2 2 4
5 24 20 1 -2 -4 -4 0
1 -8 -24 1 3 4 -3 2
-3 -2 5 -3 -7 -3 7 -3
-6 0 55 0 -6 -7 -11 -7
-2 -36 -46 -3 2 -1 5 7
-1 -11 -84 -16 -4 3 1 -5
-1 17 12 -2 -2 1 -5 -7
-9 17 -30 -1 10 4 1 -3
24 8 26 12 -1 -3 7 13
-2 -13 10 -2 -3 0 4 0
-2 -22 -31 -10 -6 -5 -16 -7
6 -6 -1 -7 -9 0 -2 1
-6 3 0 -5 -8 -2 -1 -6
2 10 21 7 -4 -2 0 1
-8 -6 -17 -12 -5 3 4 -1
4 5 -18 9 20 6 6 1
-8 8 -7 -8 -2 -6 -5 -3
0 18 20 -1 -29 -5 1 0
-3 6 19 18 29 -37 -6 1
0 -2 5 12 46 53 14 2
-8 4 -18 16 18 6 0 -10
5 -10 7 -13 -18 19 1 12
-1 -21 4 -11 -33 -24 2 26
8 14 -21 -13 -34 -67 -15 -6
5 36 8 -25 -14 16 5 11
7 24 5 -5 -7 -9 -9 -17
6 40 -19 -28 -40 -25 -17 -10
5 -22 12 9 42 85 44 15
1 -19 2 28 58 1 0 6
1 -23 54 30 25 19 14 4
-2 -34 1 23 31 4 7 1
-21 -48 -30 -28 -44 -61 -24 -27
6 -24 22 -15 -29 -1 -10 21
-19 -41 -25 -15 -4 -3 7 6
-7 15 20 0 -10 -7 -30 -61
26 38 25 4 -7 1 5 15
-6 26 -14 -1 -6 -4 -2 6
-26 34 28 9 10 -17 -15 -49
7 53 -12 -4 -1 25 57 34
-30 20 -4 -1 3 17 -2 1
-18 -9 2 -2 -4 -7 -24 -19
20 -36 -13 -4 -2 -14 4 18
-32 -59 9 9 14 16 -7 -10
5 -59 -5 0 -6 -6 9 0
11 -43 -12 -6 -8 -7 9 11
20 -15 -1 3 7 13 3 6
13 -47 -31 -6 9 7 -13 -8
14 6 10 -4 -18 -33 -12 5
-12 -28 -16 -9 -15 10 -1 -15
-10 0 -8 1 18 2 -2 -9
23 7 12 11 2 1 -2 1
-7 67 12 1 -1 6 1 16
4 36 -8 3 -2 -11 -11 -30
-15 82 14 14 3 4 6 -2
40 16 0 -18 1 9 11 16
2 4 -31 -7 1 -1 -14 -8
-4 12 40 3 -1 -4 7 -1
21 -12 -30 -16 -6 -15 -9 7
15 -7 1 5 0 7 -1 4
-51 1 12 2 -1 -3 -7 -17
11 2 18 0 2 -3 4 5
-20 -10 16 14 2 1 -2 5
-26 -1 -16 -8 -1 -2 -12 -7
11 -21 11 -1 -4 -1 13 -11
17 -68 -41 2 0 -1 8 33
-76 90 31 2 11 7 -1 -4
-5 -17 41 14 0 2 0 16
15 30 -57 -18 -5 -6 -13 0
7 21 33 6 -2 -9 7 -7
39 -33 -29 -16 -4 2 -8 13
-6 -3 1 -4 2 16 22 -6
-14 10 23 13 -3 -15 -16 -7
-18 -3 4 6 8 19 9 -2
21 -10 -33 -16 -8 -23 -9 -12
-19 33 -4 -7 -12 3 -24 1
45 -35 17 16 13 9 6 -7
-11 7 -18 -2 2 -16 14 24
-27 -9 11 -7 -6 17 3 -36
19 -8 -13 1 -2 -12 -10 32
21 1 2 -6 -9 -10 -2 2
-7 1 -2 -4 6 6 0 -5
14 -5 7 4 -2 -8 -10 -3
-9 -11 -6 3 7 -4 2 -15
17 6 11 10 6 -8 -3 17
-6 -3 -18 -6 -2 9 19 6
19 -7 -4 -4 -3 -4 -9 1
2 6 -9 -4 -4 1 2 -17
-18 12 11 -3 -9 -2 0 5
1 5 -2 -7 -11 -10 -22 -19
6 -17 -11 -4 0 2 16 8
9 7 10 2 4 2 1 4
-29 -2 -20 -3 2 4 -3 -24
13 16 -3 -2 -4 -10 -5 6
-2 0 -2 8 4 0 0 11
-18 -5 -6 6 0 4 -8 -7
7 -16 -1 -3 -1 0 -5 1
-25 0 8 -20 -18 -6 -7 -18
11 4 -5 2 6 3 3 15
-13 -40 -25 4 -5 -9 -5 -16
8 -4 5 8 9 25 40 31
-17 -14 -10 1 -5 -17 -32 -37
36 -10 11 -2 -9 -7 5 46
-9 6 -6 -6 -4 -1 0 -5
-3 -15 -10 3 20 20 -10 -20
16 7 1 4 5 29 78 51
-3 -17 -5 -5 -6 -8 -6 -23
-5 8 -8 -3 -5 -9 2 0
-18 15 -1 -9 -7 -3 -30 -6
-1 -21 -10 -9 -5 -1 9 0
-19 19 4 1 -1 -3 6 15
-29 14 8 3 15 32 30 -20
20 9 8 -14 -28 -36 -30 -7
-20 15 7 3 3 10 -22 -34
12 16 -2 -6 -18 -16 11 21
-1 32 28 18 25 11 29 16
-26 -9 1 -1 6 11 33 -31
21 13 17 7 -4 -33 -36 17
-51 -37 -2 -4 -4 9 -10 -46
-10 2 -12 -20 -13 12 33 -7
44 -28 12 6 -3 -8 -38 -10
-11 -8 -4 4 16 8 35 6
23 -4 12 5 -4 -42 -64 24
-38 -57 -23 -12 -3 65 71 13
22 6 -17 -6 7 9 12 73
9 -1 0 3 2 2 -21 -56
-13 -1 -7 -4 -3 1 1 -18
57 12 -5 0 -4 -24 -37 11
35 33 -13 -6 -8 -11 2 -5
-22 29 35 28 28 33 32 17
23 16 -9 -6 0 -4 -6 -8
-17 5 9 5 0 -24 -27 5
2 -12 8 4 -5 4 16 -8
-3 -46 -20 -14 -17 -33 -56 -6
-5 -18 -17 -4 12 21 21 1
8 -2 -14 -8 -9 -20 -28 -4
-9 8 24 12 -1 -4 -10 5
-35 20 -26 -6 -3 4 5 -3
20 47 12 -2 2 4 2 -1
12 30 50 20 -4 -10 -8 -6
-14 16 22 0 1 -9 -2 -5
26 -20 -73 1 3 0 -6 8
-11 1 34 8 -2 7 9 -9
-8 -57 -68 -9 9 -17 -29 -4
-21 4 50 27 -5 2 8 1
3 -15 -51 -38 -8 -3 -8 1
-7 -23 -16 -6 -3 4 -4 -1
17 29 87 12 -3 -1 5 2
-24 -24 21 -6 -4 -10 -10 -5
18 -10 -37 -2 0 3 2 0
6 21 33 14 9 7 2 3
7 -37 -21 -33 -18 -15 -8 1
-17 -54 -102 -33 -7 2 3 -12
20 40 79 18 -3 -7 -13 3
-31 31 9 8 9 7 10 -5
22 57 43 23 8 1 -5 9
-5 -43 -26 -10 -3 -2 -5 -5
15 18 66 2 -7 -4 -6 -5
-10 -34 -68 -5 4 4 4 15
-24 -48 -90 -32 -10 -9 -10 -18
-54 35 36 18 6 2 2 3
22 2 -38 -4 -7 -4 -5 4
-12 -32 -10 0 3 3 -1 -16
-24 -2 -22 -6 -5 -6 -8 -4
24 4 -21 -13 -2 -1 3 4
5 15 62 14 3 -1 2 7
16 27 53 14 6 1 -13 -20
6 10 61 10 3 1 13 24
-17 -30 -15 -31 -19 -15 -34 -51
-21 19 60 1 0 4 -3 -23
12 -5 13 -1 -1 0 9 48
-8 25 73 17 7 -2 5 -27
17 15 -45 6 9 14 10 58
-16 -9 9 7 6 0 3 -3
-3 -13 -33 -11 -6 -4 -4 -27
23 2 -57 -15 -10 -7 -12 1
1 30 29 7 6 2 14 13
-4 4 -22 3 -1 -1 -12 -27
0 -39 -64 -4 1 2 -4 5
3 23 45 11 11 16 17 11
-8 -34 -8 -5 -4 2 12 -4
8 13 20 1 0 2 -1 22
2 37 57 14 1 -3 -5 -17
1 -3 13 9 6 -4 -10 0
-22 -73 -86 -32 -12 -7 -3 -18
33 17 32 6 -1 -4 9 108
-32 -31 2 -11 -5 -8 -9 -95
3 -11 -25 -6 2 5 -7 -11
22 53 67 25 8 3 13 17
-62 -122 -118 -48 -19 -16 -17 -59
0 -3 -11 -6 1 -1 9 -3
34 58 -3 22 9 12 10 49
-16 6 44 6 0 -3 -2 -24
22 23 -10 4 10 11 13 6
-30 -49 -58 -21 -17 -15 -6 1
-12 -14 5 -6 -2 -1 -4 -23
14 20 33 6 0 -14 -23 5
-32 -25 27 -2 -3 11 11 -28
28 23 -43 -9 0 -1 -6 42
-48 -39 3 -17 -10 -7 0 -25
1 -16 -63 -3 -1 -11 -33 -5
25 63 44 1 4 14 24 3
8 -6 10 3 3 -4 9 16
-22 -34 42 9 -6 10 -68 -17
-19 7 -60 -21 0 -14 53 8
-17 -4 65 28 5 6 4 -3
-5 -14 19 -12 -7 0 -7 15
12 69 89 17 16 9 26 11
44 -42 -19 -12 -9 -10 -17 -33
-40 -21 10 -8 -9 -25 -51 17
39 28 41 -3 -6 -4 -15 15
6 -13 -12 -8 -8 -31 -18 -9
-10 43 43 10 15 35 42 33
-16 -25 -107 -1 -12 8 29 -39
22 28 40 19 3 -21 -31 7
-14 -30 8 1 -2 21 19 -7
-2 -19 -70 -42 -14 -9 -15 0
-40 -10 47 0 6 8 12 1
-22 -16 28 -5 -3 -3 -2 -2
4 -6 -92 -16 0 -3 14 -31
-38 -9 67 22 5 8 -32 -27
14 3 34 1 -1 0 15 -23
23 -23 8 5 5 6 18 -6
-65 -88 -84 -20 -9 -30 -27 -3
37 8 62 4 -5 24 48 28
-3 27 30 -1 -1 -36 -48 -21
-13 -18 29 3 -2 17 23 -6
28 47 37 12 4 2 -22 10
21 26 16 11 16 -1 -16 9
34 33 -15 9 -1 10 -3 20
-16 19 12 -7 -2 -3 10 9
-26 -31 -59 -20 -5 6 4 7
7 42 36 14 -1 2 7 -9
67 15 -34 -10 7 -5 -6 20
-51 1 -10 12 6 13 3 -13
31 44 80 12 -7 -6 23 3
-14 4 15 4 0 -2 -30 -9
21 -16 -43 -1 3 -3 17 9
-27 16 14 -3 0 4 -6 7
18 24 44 12 2 -3 -2 4
-4 24 36 12 7 3 3 -19
2 -8 -55 0 -4 -8 -18 1
18 20 42 1 0 -2 -9 -2
4 12 -33 -3 4 5 24 11
-1 -5 34 3 -8 -14 -22 -2
-6 -15 -33 -16 -4 3 5 1
10 19 19 12 7 3 11 2
7 -24 -59 -15 -8 -8 -16 -1
0 1 -6 -3 -5 -3 1 5
-6 6 33 3 3 4 -1 -4
3 1 -9 -3 -4 -4 2 2
0 -16 3 -4 -1 -4 -4 -1
-1 -3 -14 -2 -2 -2 1 1
-11 -2 32 1 -2 2 5 -1
8 -1 -19 2 4 1 -9 -2
-5 -3 -2 -8 -6 -4 -3 -3
-9 -13 -18 2 2 -1 7 0
8 2 6 -4 -6 -2 -8 1
9 -4 -15 -11 -3 -2 -2 -2
-12 9 9 2 0 1 2 1
-10 -3 -6 1 -1 -3 3 2
5 -11 9 6 5 0 -1 5
1 -12 -5 1 -6 0 1 -2
-9 -5 6 5 0 1 5 3
8 1 -4 -11 -10 -3 -5 -1
-1 9 12 -4 -2 -2 -8 -9
-5 -15 -25 -14 4 1 2 1
41 -1 -1 8 -2 1 -1 13
-17 -44 0 4 -4 -2 2 -3
13 -19 -2 -7 -2 0 -2 -2
-33 27 -3 -12 -4 -1 2 1
11 -4 2 7 5 -3 -6 -7
-20 22 -5 -2 -3 -1 -1 -5
5 0 14 2 -1 2 4 3
11 20 13 3 2 -1 1 4
-5 -16 -18 -3 -2 -1 1 2
31 31 24 9 3 0 2 8
-21 13 -30 1 2 -2 -3 -7
6 7 -17 -5 -9 -3 -3 -2
2 2 15 5 7 6 3 5
-3 -22 -2 -9 0 -1 1 0
-9 -25 11 4 2 2 -1 2
12 11 -4 -14 -12 -8 -8 -4
-9 23 0 4 1 0 3 -6
-6 11 -11 5 3 -3 -7 -4
7 27 11 -2 1 4 5 8
-9 -23 -1 10 4 1 0 -8
-7 -14 -1 -7 -3 -2 -3 -1
6 3 -6 -4 -1 -1 1 5
-11 -15 -11 -9 -11 -4 -3 -2
6 -7 4 9 6 1 -2 -3
-9 -2 10 -7 -6 -8 -3 -5
5 -10 -36 -11 -4 4 3 0
-18 -14 0 -5 1 -3 -3 -5
14 31 1 13 4 3 -1 2
-17 34 -6 1 5 -1 -2 -6
-6 -43 13 3 -3 -2 -2 -5
9 27 29 6 -2 0 2 0
1 -8 3 1 0 -2 0 2
0 -3 -40 -18 -9 -4 -4 -3
11 -15 2 2 1 1 2 4
-13 -5 -9 -11 -2 -5 -5 -5
0 -17 16 2 0 0 -1 0
10 25 9 5 0 0 0 1
1 -4 8 6 2 -1 -2 -1
-11 -15 -11 4 1 1 0 -3
-5 -9 6 1 -1 -1 -1 -3
7 -15 -21 -10 -3 1 0 1
-5 19 7 -1 -2 -1 -4 -4
6 -1 4 1 0 0 0 1
-2 -16 -17 -6 -4 1 -1 -2
-2 -17 35 8 -1 -2 -2 -2
-11 8 -35 -12 -4 -5 -3 -3
5 7 6 3 2 5 1 -1
0 5 -1 8 -1 1 1 0
-8 -9 -9 -19 -7 -5 -3 -3
5 11 11 11 7 2 0 2
12 35 31 0 -4 -1 1 2
-1 -30 -42 -6 1 -4 -5 1
6 -2 10 3 0 1 1 2
-27 -10 -11 -6 -4 -2 -2 -18
20 2 -6 -3 -3 0 0 7
-5 5 14 -2 -1 2 1 1
10 -6 -10 1 0 0 1 4
4 -8 4 0 -1 -2 -3 -1
-10 -23 -27 7 6 -1 -1 -4
-12 20 -14 -5 -4 -2 0 0
-4 -1 4 -4 -4 0 -2 -2
-10 -17 10 -5 -2 0 -1 -3
-8 -2 4 2 0 -2 -1 -5
4 2 17 7 2 -1 1 -2
-14 -8 -18 -10 -1 -2 0 -5
13 25 7 1 -2 3 3 5
2 -18 -12 -1 1 -4 -1 3
-5 1 10 1 -1 -4 -4 -9
2 17 5 1 -4 -1 -2 -3
-4 -4 -1 -5 -2 -2 -3 -1
-4 -4 -4 -3 -2 -6 -2 -2
4 -5 3 9 1 -5 3 4
2 -17 -2 -3 5 1 -1 0
1 -12 -18 -3 -6 1 -3 4
-3 12 -3 0 3 7 -1 -1
0 14 1 -6 -5 4 0 1
-6 -10 1 -1 -2 1 0 -3
5 15 3 5 2 -2 0 1
-3 -5 1 -3 -4 0 -1 -4
1 -14 -4 -6 -1 -3 -1 2
5 6 3 3 2 0 -1 1
-5 -4 -2 -2 -1 -3 0 -3
-2 9 2 -1 -4 -3 -2 -4
7 19 -2 -5 -3 -2 -1 -2
2 -7 -1 -1 -2 0 1 1
-11 0 -2 6 3 -3 -3 -6
-9 -1 -6 -5 -4 -3 -2 -5
5 -15 -4 -1 -4 -2 -3 1
5 -6 -4 -1 -2 -1 -2 1
4 2 2 0 0 -2 -1 0
4 -5 -8 -4 -1 1 3 6
-4 -1 3 -1 -2 1 -1 -2
-3 -2 -3 2 -1 -1 -3 -3
-1 -7 0 -3 -1 -3 -3 -2
-4 -3 4 4 -2 0 -2 0
1 -7 -6 -3 0 0 -2 1
-2 5 1 -1 0 0 -3 1
2 2 -6 -1 0 1 0 1
2 -6 -1 0 1 -3 -2 -2
1 -2 -3 -2 -1 1 0 -2
2 4 0 3 1 1 0 0
1 1 -2 -1 -1 0 0 -2
-1 6 2 -1 -2 -2 -2 -2
5 -6 -4 -2 -1 -2 -2 -2
-16 1 3 1 -1 0 2 -6
0 -1 -4 -1 0 -1 1 -2
2 -2 0 -1 -1 -1 -1 -2
-4 -4 -3 -2 0 0 -1 -1
2 -2 1 0 1 -2 -1 1
1 2 -2 -1 -1 0 -2 2
-2 -4 -5 -1 0 -1 -1 0
-5 -2 0 0 0 -1 -2 0
-1 1 0 1 0 -2 2 0
5 0 1 -3 -1 0 0 1
-8 0 -3 -1 -1 0 -2 -3
-2 -3 1 0 -1 0 -1 0
1 1 -2 0 -1 -1 -1 -2
-2 2 0 -1 0 -1 0 0
0 -1 1 1 -1 1 0 0
-5 -2 -3 -4 -1 -1 -1 -1
-2 2 -1 1 0 -1 -2 -2
0 -2 -2 -1 -2 -1 -2 -1
2 2 2 -1 -1 -1 -2 1
-2 -3 -1 -2 -1 -1 -2 0
-3 -7 -1 2 2 0 0 -2
0 0 -1 -4 -2 -1 -1 0
-2 -5 -3 -1 -1 -2 -1 -2
-4 -3 -3 -1 -2 -2 1 -2
-1 2 1 0 -1 0 -1 -1
4 -1 0 1 0 -1 -1 3
-2 -2 -2 -1 -2 -1 0 -1
4 1 0 0 0 0 2 1
-1 -1 -2 -2 -1 0 -1 -2
-3 -4 -3 -1 0 0 -1 -1
3 -3 -3 -2 -3 -1 -3 -2
-6 0 0 -1 -1 0 -1 -2
-1 1 -2 -1 -2 -2 -1 -1
-1 -1 -1 -1 -1 1 0 -2
0 0 1 2 1 0 0 0
-1 0 -3 0 1 0 -1 0
-2 -1 -2 -2 -1 -1 -1 -1
-1 1 1 1 -1 1 -1 -1
-1 0 0 -3 -2 -1 0 -1
-2 -6 -3 -3 0 0 -1 -1
2 1 1 -1 -1 -1 0 4
-5 -2 0 0 1 -2 -1 0
6 2 3 1 1 1 -2 1
-2 -3 -3 -1 0 0 -1 -2
0 -1 -1 -1 0 -3 0 -1
0 -1 -2 -2 -1 0 -1 -1
-2 -1 -3 -2 -1 0 0 -2
8 1 -1 -1 -1 -1 0 2
-15 1 1 1 -2 1 -1 -6
-17 -6 -4 -1 -1 0 -1 -7
0 -1 0 0 0 -1 -2 -1
0 1 0 1 -2 0 0 0
3 1 -3 -2 -3 0 0 2
3 -1 -3 -3 -2 -1 1 1
-3 -1 1 0 -2 -2 1 -2
-3 -2 0 -1 -1 -1 1 -2
2 -1 2 0 1 0 -2 -1
1 2 2 0 0 -1 -1 -1
1 1 0 -1 -1 -1 2 1
-1 -5 -3 -1 -2 -2 -2 -2
-1 -1 -1 -2 -2 -2 -2 -1
4 -2 -1 -1 -2 1 -1 -2
-5 -1 -1 -1 0 0 -1 1
0 1 -1 -2 -2 -2 0 -2
0 -2 -1 -3 -2 -2 -3 -2
0 -1 -1 -2 1 -2 -2 1
-4 -3 -1 -1 -2 0 0 -2
-1 -1 -1 0 0 0 -1 -2
4 -1 -2 0 1 -1 -1 0
0 0 -1 0 -1 0 -1 1
0 0 -2 0 -1 0 -1 0
-2 0 0 0 -2 -1 0 0
-1 -2 -1 0 -2 -2 -1 -1
1 0 1 0 1 -1 -1 1
-1 -2 -2 -2 -2 -1 -1 -1
-2 -1 -1 -1 -2 1 -2 -3
-1 -3 -2 -1 -1 0 0 0
-1 -2 0 -1 0 0 -1 0
-3 -2 -2 0 1 -1 0 -2
5 1 0 -2 0 0 0 -1
0 -2 -1 -2 -1 2 1 -1
-2 1 -1 -1 -2 1 -1 -2
-1 0 -1 -1 0 -1 -1 -1
-5 -2 -1 0 -1 -1 0 0
2 0 -1 0 0 -2 -1 0
1 -2 0 -1 -1 -1 0 -1
3 -3 -1 -1 -2 -1 0 2
-10 -1 0 0 -2 0 -1 -3
-1 -5 -2 -2 -2 -2 -3 0
-1 0 -1 0 0 0 -1 0
1 1 0 -1 0 -1 -2 1
2 0 -2 -1 0 -1 0 0
-1 1 0 -1 0 -2 0 -2
0 0 -1 -1 -1 -1 -1 -1
1 0 0 -1 0 0 -1 -2
-2 -1 -2 -3 -1 -2 -3 -3
-2 0 -2 0 -1 0 -1 -1
1 -1 -2 -1 0 -3 -2 1
-2 -1 -1 0 -2 -2 -1 -3
-1 0 -1 -2 0 -2 0 1
-2 0 0 -2 -1 1 0 0
0 -1 0 -1 0 0 0 -2
-4 -1 0 0 1 -2 -1 -2
1 -1 -1 -1 -1 -1 -2 -1
-1 -2 0 -2 -1 -1 -1 -4
-1 -1 1 0 -1 -1 -1 -1
0 -1 0 -3 0 0 -2 0
-1 -3 -1 0 -1 0 0 2
1 -1 -3 0 0 0 0 1
-3 -1 -1 -1 -1 0 0 -1
0 0 -2 -1 -1 1 -1 -2
0 0 -1 0 -1 0 -1 -2
-1 0 -1 -1 -1 0 -4 -1
2 -1 -1 -1 -1 -1 0 -1
2 0 -1 0 0 -1 -1 1
-5 -4 -2 -2 -2 0 -1 -5
-3 0 -1 0 0 0 0 -1
-2 -1 -2 -2 -2 0 1 0
-1 -1 -3 -1 0 -1 1 0
0 -1 -2 -1 0 -1 0 -1
1 -2 -2 0 1 -2 0 0
-1 0 -1 -1 0 0 -1 0
-3 -2 -1 0 0 0 0 -1
0 -2 1 0 -2 0 0 1
-1 -2 0 -2 -1 -1 -1 -3
1 1 -2 -1 -1 -2 0 -1
-1 -3 -1 -1 -3 -1 -2 -1
1 -1 -1 0 -1 0 -1 0
0 -1 1 0 -1 0 -1 1
-4 -2 -2 0 0 -1 -2 -1
0 1 0 -1 -1 1 -2 -2
1 0 0 0 0 -1 0 -2
3 1 -3 -2 0 -1 -1 1
-1 0 0 2 -1 -1 0 -1
-2 0 -2 -1 -2 -2 0 0
0 0 0 -1 0 -1 0 0
-3 -1 -1 0 -3 -1 -1 0
-1 0 -4 -2 0 -1 -2 -3
0 2 0 -1 -1 -1 0 0
0 1 -2 0 -2 -1 0 0
-1 -1 0 -1 -2 1 0 -1
0 -2 0 -1 0 0 0 -1
-1 -2 1 -1 1 -2 -1 0
1 1 -1 -1 0 -1 1 -1
-1 -2 0 1 -1 -2 -1 -2
0 1 1 0 -1 -2 -2 -2
0 -2 0 -2 -2 -1 -1 -1
0 -1 -1 -1 0 0 -2 1
0 0 0 -1 0 -1 -1 0
-2 -4 -2 0 -2 -1 1 0
-1 -3 -3 0 -2 2 -3 -1
0 -1 -2 -3 -2 -1 -2 -2
1 -1 1 -1 0 -1 0 -1
0 2 0 -1 -1 0 0 -1
-1 -2 1 0 0 -2 0 -1
-2 -1 1 2 -1 1 -1 -1
-2 0 -1 -1 -1 -1 0 -1
